[{"id": 0, "img_name": "000106_01", "width": 3000, "height": 4000, "position": [-0.3696741604807306, -1.929512143367587, -1.5080051306358295], "rotation": [[0.9817825499841794, -0.0661211744073261, 0.17813201520658464], [0.0029670612710279046, 0.9427183958759067, 0.3335764119726862], [-0.18998479174391011, -0.32697097175766743, 0.9257406561958211]], "fy": 3842.3310546875005, "fx": 3842.3310546875005}, {"id": 1, "img_name": "000000_01", "width": 3000, "height": 4000, "position": [-0.3696741604807306, -1.929512143367587, -1.5080051306358295], "rotation": [[0.9817825499841794, -0.0661211744073261, 0.17813201520658464], [0.0029670612710279046, 0.9427183958759067, 0.3335764119726862], [-0.18998479174391011, -0.32697097175766743, 0.9257406561958211]], "fy": 3842.3310546875005, "fx": 3842.3310546875005}, {"id": 2, "img_name": "000000_07", "width": 3000, "height": 4000, "position": [0.8197714602465137, -1.8275775636407465, -1.389665992334443], "rotation": [[0.8821863766232602, 0.18235391487363214, -0.43415924109776105], [-0.0087109829761535, 0.9281385359370822, 0.3721330096674559], [0.4708198335625984, -0.3245087176622993, 0.8203796538708511]], "fy": 3853.8193359375005, "fx": 3853.8193359375005}, {"id": 3, "img_name": "000000_00", "width": 3000, "height": 4000, "position": [-0.8230784153626842, -1.2528366353783011, -1.1496977318121442], "rotation": [[0.8334468438583295, -0.015334312467948126, 0.5523868366676793], [0.0017539725515108371, 0.9996832837853817, 0.025104893952463125], [-0.5525968530881067, -0.01995472328074745, 0.833209773692022]], "fy": 3842.6799316406255, "fx": 3842.679931640625}, {"id": 4, "img_name": "000212_00", "width": 3000, "height": 4000, "position": [-0.8230784153626842, -1.2528366353783011, -1.1496977318121442], "rotation": [[0.8334468438583295, -0.015334312467948126, 0.5523868366676793], [0.0017539725515108371, 0.9996832837853817, 0.025104893952463125], [-0.5525968530881067, -0.01995472328074745, 0.833209773692022]], "fy": 3842.6799316406255, "fx": 3842.679931640625}, {"id": 5, "img_name": "000106_00", "width": 3000, "height": 4000, "position": [-0.8230784153626842, -1.2528366353783011, -1.1496977318121442], "rotation": [[0.8334468438583295, -0.015334312467948126, 0.5523868366676793], [0.0017539725515108371, 0.9996832837853817, 0.025104893952463125], [-0.5525968530881067, -0.01995472328074745, 0.833209773692022]], "fy": 3842.6799316406255, "fx": 3842.679931640625}, {"id": 6, "img_name": "000000_10", "width": 3000, "height": 4000, "position": [0.5035301074361999, -1.3297977109311079, 1.4483756748112055], "rotation": [[-0.947028699609039, 0.02913104807595951, -0.31982498988479346], [-0.004626380661936205, 0.9945366086035703, 0.10428581279004054], [0.32111561581272086, 0.10024128982263074, -0.9417199398419424]], "fy": 3839.4462890625, "fx": 3839.4462890625}, {"id": 7, "img_name": "000106_08", "width": 3000, "height": 4000, "position": [-1.3814671923461157, -1.3060908738936476, 0.389712414865008], "rotation": [[-0.1999828186250342, 0.008650057344464833, 0.9797612202790653], [-0.02288023288972543, 0.9996471169424797, -0.013495796808634353], [-0.9795322185603174, -0.025116092381688056, -0.1997143327499955]], "fy": 3841.5209960937505, "fx": 3841.52099609375}, {"id": 8, "img_name": "000106_07", "width": 3000, "height": 4000, "position": [0.8197714602465137, -1.8275775636407465, -1.389665992334443], "rotation": [[0.8821863766232602, 0.18235391487363214, -0.43415924109776105], [-0.0087109829761535, 0.9281385359370822, 0.3721330096674559], [0.4708198335625984, -0.3245087176622993, 0.8203796538708511]], "fy": 3853.8193359375005, "fx": 3853.8193359375005}, {"id": 9, "img_name": "000000_05", "width": 3000, "height": 4000, "position": [-1.236099138776338, -1.2127445765408493, -0.7210398619043162], "rotation": [[0.5298970748488734, -0.11966812783524285, 0.8395764582496433], [0.04901074071818188, 0.9926608588031399, 0.1105548130768998], [-0.8466445755810773, -0.017434407951550435, 0.5318731089823177]], "fy": 3841.6745605468745, "fx": 3841.674560546875}, {"id": 10, "img_name": "000212_01", "width": 3000, "height": 4000, "position": [-0.3696741604807306, -1.929512143367587, -1.5080051306358295], "rotation": [[0.9817825499841794, -0.0661211744073261, 0.17813201520658464], [0.0029670612710279046, 0.9427183958759067, 0.3335764119726862], [-0.18998479174391011, -0.32697097175766743, 0.9257406561958211]], "fy": 3842.3310546875005, "fx": 3842.3310546875005}, {"id": 11, "img_name": "000106_05", "width": 3000, "height": 4000, "position": [-1.236099138776338, -1.2127445765408493, -0.7210398619043162], "rotation": [[0.5298970748488734, -0.11966812783524285, 0.8395764582496433], [0.04901074071818188, 0.9926608588031399, 0.1105548130768998], [-0.8466445755810773, -0.017434407951550435, 0.5318731089823177]], "fy": 3841.6745605468745, "fx": 3841.674560546875}, {"id": 12, "img_name": "000000_08", "width": 3000, "height": 4000, "position": [-1.3814671923461157, -1.3060908738936476, 0.389712414865008], "rotation": [[-0.1999828186250342, 0.008650057344464833, 0.9797612202790653], [-0.02288023288972543, 0.9996471169424797, -0.013495796808634353], [-0.9795322185603174, -0.025116092381688056, -0.1997143327499955]], "fy": 3841.5209960937505, "fx": 3841.52099609375}, {"id": 13, "img_name": "000000_09", "width": 3000, "height": 4000, "position": [-0.6586277316799503, -1.3413810053564361, 1.3182690825163423], "rotation": [[-0.8862544962454005, -0.09711873759372588, 0.4529027695797546], [-0.036444450088304825, 0.9893614669821034, 0.14083923355649688], [-0.4617626770783584, 0.10831361160639709, -0.8803654875097081]], "fy": 3844.2915039062495, "fx": 3844.2915039062495}, {"id": 14, "img_name": "000106_09", "width": 3000, "height": 4000, "position": [-0.6586277316799503, -1.3413810053564361, 1.3182690825163423], "rotation": [[-0.8862544962454005, -0.09711873759372588, 0.4529027695797546], [-0.036444450088304825, 0.9893614669821034, 0.14083923355649688], [-0.4617626770783584, 0.10831361160639709, -0.8803654875097081]], "fy": 3844.2915039062495, "fx": 3844.2915039062495}, {"id": 15, "img_name": "000000_04", "width": 3000, "height": 4000, "position": [0.9514187899274507, -1.2895936527459229, 1.083229888075608], "rotation": [[-0.7658794796977418, 0.04150665950190555, -0.6416430626095074], [0.01574313581264834, 0.9988256164168936, 0.04582075582306665], [0.642791394040633, 0.024991702751222457, -0.7656334883878142]], "fy": 3841.070556640625, "fx": 3841.070556640625}, {"id": 16, "img_name": "000106_10", "width": 3000, "height": 4000, "position": [0.5035301074361999, -1.3297977109311079, 1.4483756748112055], "rotation": [[-0.947028699609039, 0.02913104807595951, -0.31982498988479346], [-0.004626380661936205, 0.9945366086035703, 0.10428581279004054], [0.32111561581272086, 0.10024128982263074, -0.9417199398419424]], "fy": 3839.4462890625, "fx": 3839.4462890625}, {"id": 17, "img_name": "000000_11", "width": 3000, "height": 4000, "position": [-1.0403031415421766, -1.84854549881246, 0.8947496888364853], "rotation": [[-0.5944730234416804, -0.35563148168052305, 0.721199052715562], [0.031211614318923775, 0.8860040007714649, 0.46262592420719945], [-0.8035095889482059, 0.29752841856648665, -0.5156056444741577]], "fy": 3837.041259765625, "fx": 3837.041259765625}, {"id": 18, "img_name": "000000_03", "width": 3000, "height": 4000, "position": [1.3992768777035782, -1.5147693808340703, -0.1789146648783315], "rotation": [[0.1602714006298043, 0.24486163704499747, -0.9562195651856354], [-0.06115898056260467, 0.9693446283395035, 0.23797178531475657], [0.9851764599485237, 0.020341342457999234, 0.1703337093775119]], "fy": 3857.2749023437505, "fx": 3857.27490234375}, {"id": 19, "img_name": "000106_11", "width": 3000, "height": 4000, "position": [-1.0403031415421766, -1.84854549881246, 0.8947496888364853], "rotation": [[-0.5944730234416804, -0.35563148168052305, 0.721199052715562], [0.031211614318923775, 0.8860040007714649, 0.46262592420719945], [-0.8035095889482059, 0.29752841856648665, -0.5156056444741577]], "fy": 3837.041259765625, "fx": 3837.041259765625}, {"id": 20, "img_name": "000106_04", "width": 3000, "height": 4000, "position": [0.9514187899274507, -1.2895936527459229, 1.083229888075608], "rotation": [[-0.7658794796977418, 0.04150665950190555, -0.6416430626095074], [0.01574313581264834, 0.9988256164168936, 0.04582075582306665], [0.642791394040633, 0.024991702751222457, -0.7656334883878142]], "fy": 3841.070556640625, "fx": 3841.070556640625}, {"id": 21, "img_name": "000212_03", "width": 3000, "height": 4000, "position": [1.3992768777035782, -1.5147693808340703, -0.1789146648783315], "rotation": [[0.1602714006298043, 0.24486163704499747, -0.9562195651856354], [-0.06115898056260467, 0.9693446283395035, 0.23797178531475657], [0.9851764599485237, 0.020341342457999234, 0.1703337093775119]], "fy": 3857.2749023437505, "fx": 3857.27490234375}, {"id": 22, "img_name": "000106_03", "width": 3000, "height": 4000, "position": [1.3992768777035782, -1.5147693808340703, -0.1789146648783315], "rotation": [[0.1602714006298043, 0.24486163704499747, -0.9562195651856354], [-0.06115898056260467, 0.9693446283395035, 0.23797178531475657], [0.9851764599485237, 0.020341342457999234, 0.1703337093775119]], "fy": 3857.2749023437505, "fx": 3857.27490234375}, {"id": 23, "img_name": "000212_05", "width": 3000, "height": 4000, "position": [-1.236099138776338, -1.2127445765408493, -0.7210398619043162], "rotation": [[0.5298970748488734, -0.11966812783524285, 0.8395764582496433], [0.04901074071818188, 0.9926608588031399, 0.1105548130768998], [-0.8466445755810773, -0.017434407951550435, 0.5318731089823177]], "fy": 3841.6745605468745, "fx": 3841.674560546875}, {"id": 24, "img_name": "000212_07", "width": 3000, "height": 4000, "position": [0.8197714602465137, -1.8275775636407465, -1.389665992334443], "rotation": [[0.8821863766232602, 0.18235391487363214, -0.43415924109776105], [-0.0087109829761535, 0.9281385359370822, 0.3721330096674559], [0.4708198335625984, -0.3245087176622993, 0.8203796538708511]], "fy": 3853.8193359375005, "fx": 3853.8193359375005}, {"id": 25, "img_name": "000212_09", "width": 3000, "height": 4000, "position": [-0.6586277316799503, -1.3413810053564361, 1.3182690825163423], "rotation": [[-0.8862544962454005, -0.09711873759372588, 0.4529027695797546], [-0.036444450088304825, 0.9893614669821034, 0.14083923355649688], [-0.4617626770783584, 0.10831361160639709, -0.8803654875097081]], "fy": 3844.2915039062495, "fx": 3844.2915039062495}, {"id": 26, "img_name": "000212_08", "width": 3000, "height": 4000, "position": [-1.3814671923461157, -1.3060908738936476, 0.389712414865008], "rotation": [[-0.1999828186250342, 0.008650057344464833, 0.9797612202790653], [-0.02288023288972543, 0.9996471169424797, -0.013495796808634353], [-0.9795322185603174, -0.025116092381688056, -0.1997143327499955]], "fy": 3841.5209960937505, "fx": 3841.52099609375}, {"id": 27, "img_name": "000318_01", "width": 3000, "height": 4000, "position": [-0.3696741604807306, -1.929512143367587, -1.5080051306358295], "rotation": [[0.9817825499841794, -0.0661211744073261, 0.17813201520658464], [0.0029670612710279046, 0.9427183958759067, 0.3335764119726862], [-0.18998479174391011, -0.32697097175766743, 0.9257406561958211]], "fy": 3842.3310546875005, "fx": 3842.3310546875005}, {"id": 28, "img_name": "000212_04", "width": 3000, "height": 4000, "position": [0.9514187899274507, -1.2895936527459229, 1.083229888075608], "rotation": [[-0.7658794796977418, 0.04150665950190555, -0.6416430626095074], [0.01574313581264834, 0.9988256164168936, 0.04582075582306665], [0.642791394040633, 0.024991702751222457, -0.7656334883878142]], "fy": 3841.070556640625, "fx": 3841.070556640625}, {"id": 29, "img_name": "000318_04", "width": 3000, "height": 4000, "position": [0.9514187899274507, -1.2895936527459229, 1.083229888075608], "rotation": [[-0.7658794796977418, 0.04150665950190555, -0.6416430626095074], [0.01574313581264834, 0.9988256164168936, 0.04582075582306665], [0.642791394040633, 0.024991702751222457, -0.7656334883878142]], "fy": 3841.070556640625, "fx": 3841.070556640625}, {"id": 30, "img_name": "000212_10", "width": 3000, "height": 4000, "position": [0.5035301074361999, -1.3297977109311079, 1.4483756748112055], "rotation": [[-0.947028699609039, 0.02913104807595951, -0.31982498988479346], [-0.004626380661936205, 0.9945366086035703, 0.10428581279004054], [0.32111561581272086, 0.10024128982263074, -0.9417199398419424]], "fy": 3839.4462890625, "fx": 3839.4462890625}, {"id": 31, "img_name": "000318_07", "width": 3000, "height": 4000, "position": [0.8197714602465137, -1.8275775636407465, -1.389665992334443], "rotation": [[0.8821863766232602, 0.18235391487363214, -0.43415924109776105], [-0.0087109829761535, 0.9281385359370822, 0.3721330096674559], [0.4708198335625984, -0.3245087176622993, 0.8203796538708511]], "fy": 3853.8193359375005, "fx": 3853.8193359375005}, {"id": 32, "img_name": "000318_00", "width": 3000, "height": 4000, "position": [-0.8230784153626842, -1.2528366353783011, -1.1496977318121442], "rotation": [[0.8334468438583295, -0.015334312467948126, 0.5523868366676793], [0.0017539725515108371, 0.9996832837853817, 0.025104893952463125], [-0.5525968530881067, -0.01995472328074745, 0.833209773692022]], "fy": 3842.6799316406255, "fx": 3842.679931640625}, {"id": 33, "img_name": "000212_11", "width": 3000, "height": 4000, "position": [-1.0403031415421766, -1.84854549881246, 0.8947496888364853], "rotation": [[-0.5944730234416804, -0.35563148168052305, 0.721199052715562], [0.031211614318923775, 0.8860040007714649, 0.46262592420719945], [-0.8035095889482059, 0.29752841856648665, -0.5156056444741577]], "fy": 3837.041259765625, "fx": 3837.041259765625}, {"id": 34, "img_name": "000318_03", "width": 3000, "height": 4000, "position": [1.3992768777035782, -1.5147693808340703, -0.1789146648783315], "rotation": [[0.1602714006298043, 0.24486163704499747, -0.9562195651856354], [-0.06115898056260467, 0.9693446283395035, 0.23797178531475657], [0.9851764599485237, 0.020341342457999234, 0.1703337093775119]], "fy": 3857.2749023437505, "fx": 3857.27490234375}, {"id": 35, "img_name": "000318_10", "width": 3000, "height": 4000, "position": [0.5035301074361999, -1.3297977109311079, 1.4483756748112055], "rotation": [[-0.947028699609039, 0.02913104807595951, -0.31982498988479346], [-0.004626380661936205, 0.9945366086035703, 0.10428581279004054], [0.32111561581272086, 0.10024128982263074, -0.9417199398419424]], "fy": 3839.4462890625, "fx": 3839.4462890625}, {"id": 36, "img_name": "000318_09", "width": 3000, "height": 4000, "position": [-0.6586277316799503, -1.3413810053564361, 1.3182690825163423], "rotation": [[-0.8862544962454005, -0.09711873759372588, 0.4529027695797546], [-0.036444450088304825, 0.9893614669821034, 0.14083923355649688], [-0.4617626770783584, 0.10831361160639709, -0.8803654875097081]], "fy": 3844.2915039062495, "fx": 3844.2915039062495}, {"id": 37, "img_name": "000318_05", "width": 3000, "height": 4000, "position": [-1.236099138776338, -1.2127445765408493, -0.7210398619043162], "rotation": [[0.5298970748488734, -0.11966812783524285, 0.8395764582496433], [0.04901074071818188, 0.9926608588031399, 0.1105548130768998], [-0.8466445755810773, -0.017434407951550435, 0.5318731089823177]], "fy": 3841.6745605468745, "fx": 3841.674560546875}, {"id": 38, "img_name": "000318_08", "width": 3000, "height": 4000, "position": [-1.3814671923461157, -1.3060908738936476, 0.389712414865008], "rotation": [[-0.1999828186250342, 0.008650057344464833, 0.9797612202790653], [-0.02288023288972543, 0.9996471169424797, -0.013495796808634353], [-0.9795322185603174, -0.025116092381688056, -0.1997143327499955]], "fy": 3841.5209960937505, "fx": 3841.52099609375}, {"id": 39, "img_name": "000106_02", "width": 3000, "height": 4000, "position": [-0.1413742994932911, -1.6869117150530857, -2.0129381485551754], "rotation": [[0.9924320285923673, -0.09281995684132777, 0.08039355842362186], [0.0826949614331839, 0.9891740375815308, 0.12122815979885392], [-0.09077561334192391, -0.11366256633837843, 0.9893637394991648]], "fy": 10847.3515625, "fx": 10847.3515625}, {"id": 40, "img_name": "000318_11", "width": 3000, "height": 4000, "position": [-1.0403031415421766, -1.84854549881246, 0.8947496888364853], "rotation": [[-0.5944730234416804, -0.35563148168052305, 0.721199052715562], [0.031211614318923775, 0.8860040007714649, 0.46262592420719945], [-0.8035095889482059, 0.29752841856648665, -0.5156056444741577]], "fy": 3837.041259765625, "fx": 3837.041259765625}, {"id": 41, "img_name": "000424_01", "width": 3000, "height": 4000, "position": [-0.3696741604807306, -1.929512143367587, -1.5080051306358295], "rotation": [[0.9817825499841794, -0.0661211744073261, 0.17813201520658464], [0.0029670612710279046, 0.9427183958759067, 0.3335764119726862], [-0.18998479174391011, -0.32697097175766743, 0.9257406561958211]], "fy": 3842.3310546875005, "fx": 3842.3310546875005}, {"id": 42, "img_name": "000000_02", "width": 3000, "height": 4000, "position": [-0.1413742994932911, -1.6869117150530857, -2.0129381485551754], "rotation": [[0.9924320285923673, -0.09281995684132777, 0.08039355842362186], [0.0826949614331839, 0.9891740375815308, 0.12122815979885392], [-0.09077561334192391, -0.11366256633837843, 0.9893637394991648]], "fy": 10847.3515625, "fx": 10847.3515625}, {"id": 43, "img_name": "000424_00", "width": 3000, "height": 4000, "position": [-0.8230784153626842, -1.2528366353783011, -1.1496977318121442], "rotation": [[0.8334468438583295, -0.015334312467948126, 0.5523868366676793], [0.0017539725515108371, 0.9996832837853817, 0.025104893952463125], [-0.5525968530881067, -0.01995472328074745, 0.833209773692022]], "fy": 3842.6799316406255, "fx": 3842.679931640625}, {"id": 44, "img_name": "000000_13", "width": 3000, "height": 4000, "position": [0.4366704498550544, -1.7139002494140667, -1.9946798260873546], "rotation": [[0.9782849415413175, 0.0701118329687163, -0.19504590236984676], [-0.036945766156772204, 0.9849659649472758, 0.1687514689078916], [0.2039450502380238, -0.15788090059677523, 0.9661677068243179]], "fy": 10873.8984375, "fx": 10873.8984375}, {"id": 45, "img_name": "000106_13", "width": 3000, "height": 4000, "position": [0.4366704498550544, -1.7139002494140667, -1.9946798260873546], "rotation": [[0.9782849415413175, 0.0701118329687163, -0.19504590236984676], [-0.036945766156772204, 0.9849659649472758, 0.1687514689078916], [0.2039450502380238, -0.15788090059677523, 0.9661677068243179]], "fy": 10873.8984375, "fx": 10873.8984375}, {"id": 46, "img_name": "000212_02", "width": 3000, "height": 4000, "position": [-0.1413742994932911, -1.6869117150530857, -2.0129381485551754], "rotation": [[0.9924320285923673, -0.09281995684132777, 0.08039355842362186], [0.0826949614331839, 0.9891740375815308, 0.12122815979885392], [-0.09077561334192391, -0.11366256633837843, 0.9893637394991648]], "fy": 10847.3515625, "fx": 10847.3515625}, {"id": 47, "img_name": "000000_12", "width": 3000, "height": 4000, "position": [1.3956970536626752, -1.712120601722869, -1.6192232024431763], "rotation": [[0.7827115685582878, 0.10301355925033905, -0.6138002990025351], [-0.020590562403909135, 0.9899534807396916, 0.13988614910440436], [0.6220439125856915, -0.09685201382493712, 0.7769691488296937]], "fy": 10873.7578125, "fx": 10873.7578125}, {"id": 48, "img_name": "000106_06", "width": 3000, "height": 4000, "position": [-1.0526646805266229, -1.697293259703407, -1.6419663346113942], "rotation": [[0.8455771316391851, -0.12496706011195899, 0.5190207590605811], [0.020901061651849923, 0.9792202155527878, 0.2017198926099698], [-0.5334439615092418, -0.15972164330398753, 0.8306181653380809]], "fy": 10891.9111328125, "fx": 10891.9111328125}, {"id": 49, "img_name": "000106_12", "width": 3000, "height": 4000, "position": [1.3956970536626752, -1.712120601722869, -1.6192232024431763], "rotation": [[0.7827115685582878, 0.10301355925033905, -0.6138002990025351], [-0.020590562403909135, 0.9899534807396916, 0.13988614910440436], [0.6220439125856915, -0.09685201382493712, 0.7769691488296937]], "fy": 10873.7578125, "fx": 10873.7578125}, {"id": 50, "img_name": "000424_07", "width": 3000, "height": 4000, "position": [0.8197714602465137, -1.8275775636407465, -1.389665992334443], "rotation": [[0.8821863766232602, 0.18235391487363214, -0.43415924109776105], [-0.0087109829761535, 0.9281385359370822, 0.3721330096674559], [0.4708198335625984, -0.3245087176622993, 0.8203796538708511]], "fy": 3853.8193359375005, "fx": 3853.8193359375005}, {"id": 51, "img_name": "000424_04", "width": 3000, "height": 4000, "position": [0.9514187899274507, -1.2895936527459229, 1.083229888075608], "rotation": [[-0.7658794796977418, 0.04150665950190555, -0.6416430626095074], [0.01574313581264834, 0.9988256164168936, 0.04582075582306665], [0.642791394040633, 0.024991702751222457, -0.7656334883878142]], "fy": 3841.070556640625, "fx": 3841.070556640625}, {"id": 52, "img_name": "000424_03", "width": 3000, "height": 4000, "position": [1.3992768777035782, -1.5147693808340703, -0.1789146648783315], "rotation": [[0.1602714006298043, 0.24486163704499747, -0.9562195651856354], [-0.06115898056260467, 0.9693446283395035, 0.23797178531475657], [0.9851764599485237, 0.020341342457999234, 0.1703337093775119]], "fy": 3857.2749023437505, "fx": 3857.27490234375}, {"id": 53, "img_name": "000000_06", "width": 3000, "height": 4000, "position": [-1.0526646805266229, -1.697293259703407, -1.6419663346113942], "rotation": [[0.8455771316391851, -0.12496706011195899, 0.5190207590605811], [0.020901061651849923, 0.9792202155527878, 0.2017198926099698], [-0.5334439615092418, -0.15972164330398753, 0.8306181653380809]], "fy": 10891.9111328125, "fx": 10891.9111328125}, {"id": 54, "img_name": "000424_10", "width": 3000, "height": 4000, "position": [0.5035301074361999, -1.3297977109311079, 1.4483756748112055], "rotation": [[-0.947028699609039, 0.02913104807595951, -0.31982498988479346], [-0.004626380661936205, 0.9945366086035703, 0.10428581279004054], [0.32111561581272086, 0.10024128982263074, -0.9417199398419424]], "fy": 3839.4462890625, "fx": 3839.4462890625}, {"id": 55, "img_name": "000424_05", "width": 3000, "height": 4000, "position": [-1.236099138776338, -1.2127445765408493, -0.7210398619043162], "rotation": [[0.5298970748488734, -0.11966812783524285, 0.8395764582496433], [0.04901074071818188, 0.9926608588031399, 0.1105548130768998], [-0.8466445755810773, -0.017434407951550435, 0.5318731089823177]], "fy": 3841.6745605468745, "fx": 3841.674560546875}, {"id": 56, "img_name": "000424_09", "width": 3000, "height": 4000, "position": [-0.6586277316799503, -1.3413810053564361, 1.3182690825163423], "rotation": [[-0.8862544962454005, -0.09711873759372588, 0.4529027695797546], [-0.036444450088304825, 0.9893614669821034, 0.14083923355649688], [-0.4617626770783584, 0.10831361160639709, -0.8803654875097081]], "fy": 3844.2915039062495, "fx": 3844.2915039062495}, {"id": 57, "img_name": "000424_08", "width": 3000, "height": 4000, "position": [-1.3814671923461157, -1.3060908738936476, 0.389712414865008], "rotation": [[-0.1999828186250342, 0.008650057344464833, 0.9797612202790653], [-0.02288023288972543, 0.9996471169424797, -0.013495796808634353], [-0.9795322185603174, -0.025116092381688056, -0.1997143327499955]], "fy": 3841.5209960937505, "fx": 3841.52099609375}, {"id": 58, "img_name": "000530_01", "width": 3000, "height": 4000, "position": [-0.3696741604807306, -1.929512143367587, -1.5080051306358295], "rotation": [[0.9817825499841794, -0.0661211744073261, 0.17813201520658464], [0.0029670612710279046, 0.9427183958759067, 0.3335764119726862], [-0.18998479174391011, -0.32697097175766743, 0.9257406561958211]], "fy": 3842.3310546875005, "fx": 3842.3310546875005}, {"id": 59, "img_name": "000530_00", "width": 3000, "height": 4000, "position": [-0.8230784153626842, -1.2528366353783011, -1.1496977318121442], "rotation": [[0.8334468438583295, -0.015334312467948126, 0.5523868366676793], [0.0017539725515108371, 0.9996832837853817, 0.025104893952463125], [-0.5525968530881067, -0.01995472328074745, 0.833209773692022]], "fy": 3842.6799316406255, "fx": 3842.679931640625}, {"id": 60, "img_name": "000212_06", "width": 3000, "height": 4000, "position": [-1.0526646805266229, -1.697293259703407, -1.6419663346113942], "rotation": [[0.8455771316391851, -0.12496706011195899, 0.5190207590605811], [0.020901061651849923, 0.9792202155527878, 0.2017198926099698], [-0.5334439615092418, -0.15972164330398753, 0.8306181653380809]], "fy": 10891.9111328125, "fx": 10891.9111328125}, {"id": 61, "img_name": "000424_11", "width": 3000, "height": 4000, "position": [-1.0403031415421766, -1.84854549881246, 0.8947496888364853], "rotation": [[-0.5944730234416804, -0.35563148168052305, 0.721199052715562], [0.031211614318923775, 0.8860040007714649, 0.46262592420719945], [-0.8035095889482059, 0.29752841856648665, -0.5156056444741577]], "fy": 3837.041259765625, "fx": 3837.041259765625}, {"id": 62, "img_name": "000212_12", "width": 3000, "height": 4000, "position": [1.3956970536626752, -1.712120601722869, -1.6192232024431763], "rotation": [[0.7827115685582878, 0.10301355925033905, -0.6138002990025351], [-0.020590562403909135, 0.9899534807396916, 0.13988614910440436], [0.6220439125856915, -0.09685201382493712, 0.7769691488296937]], "fy": 10873.7578125, "fx": 10873.7578125}, {"id": 63, "img_name": "000530_07", "width": 3000, "height": 4000, "position": [0.8197714602465137, -1.8275775636407465, -1.389665992334443], "rotation": [[0.8821863766232602, 0.18235391487363214, -0.43415924109776105], [-0.0087109829761535, 0.9281385359370822, 0.3721330096674559], [0.4708198335625984, -0.3245087176622993, 0.8203796538708511]], "fy": 3853.8193359375005, "fx": 3853.8193359375005}, {"id": 64, "img_name": "000530_04", "width": 3000, "height": 4000, "position": [0.9514187899274507, -1.2895936527459229, 1.083229888075608], "rotation": [[-0.7658794796977418, 0.04150665950190555, -0.6416430626095074], [0.01574313581264834, 0.9988256164168936, 0.04582075582306665], [0.642791394040633, 0.024991702751222457, -0.7656334883878142]], "fy": 3841.070556640625, "fx": 3841.070556640625}, {"id": 65, "img_name": "000212_13", "width": 3000, "height": 4000, "position": [0.4366704498550544, -1.7139002494140667, -1.9946798260873546], "rotation": [[0.9782849415413175, 0.0701118329687163, -0.19504590236984676], [-0.036945766156772204, 0.9849659649472758, 0.1687514689078916], [0.2039450502380238, -0.15788090059677523, 0.9661677068243179]], "fy": 10873.8984375, "fx": 10873.8984375}, {"id": 66, "img_name": "000530_10", "width": 3000, "height": 4000, "position": [0.5035301074361999, -1.3297977109311079, 1.4483756748112055], "rotation": [[-0.947028699609039, 0.02913104807595951, -0.31982498988479346], [-0.004626380661936205, 0.9945366086035703, 0.10428581279004054], [0.32111561581272086, 0.10024128982263074, -0.9417199398419424]], "fy": 3839.4462890625, "fx": 3839.4462890625}, {"id": 67, "img_name": "000530_03", "width": 3000, "height": 4000, "position": [1.3992768777035782, -1.5147693808340703, -0.1789146648783315], "rotation": [[0.1602714006298043, 0.24486163704499747, -0.9562195651856354], [-0.06115898056260467, 0.9693446283395035, 0.23797178531475657], [0.9851764599485237, 0.020341342457999234, 0.1703337093775119]], "fy": 3857.2749023437505, "fx": 3857.27490234375}, {"id": 68, "img_name": "000318_02", "width": 3000, "height": 4000, "position": [-0.1413742994932911, -1.6869117150530857, -2.0129381485551754], "rotation": [[0.9924320285923673, -0.09281995684132777, 0.08039355842362186], [0.0826949614331839, 0.9891740375815308, 0.12122815979885392], [-0.09077561334192391, -0.11366256633837843, 0.9893637394991648]], "fy": 10847.3515625, "fx": 10847.3515625}, {"id": 69, "img_name": "000530_05", "width": 3000, "height": 4000, "position": [-1.236099138776338, -1.2127445765408493, -0.7210398619043162], "rotation": [[0.5298970748488734, -0.11966812783524285, 0.8395764582496433], [0.04901074071818188, 0.9926608588031399, 0.1105548130768998], [-0.8466445755810773, -0.017434407951550435, 0.5318731089823177]], "fy": 3841.6745605468745, "fx": 3841.674560546875}, {"id": 70, "img_name": "000530_09", "width": 3000, "height": 4000, "position": [-0.6586277316799503, -1.3413810053564361, 1.3182690825163423], "rotation": [[-0.8862544962454005, -0.09711873759372588, 0.4529027695797546], [-0.036444450088304825, 0.9893614669821034, 0.14083923355649688], [-0.4617626770783584, 0.10831361160639709, -0.8803654875097081]], "fy": 3844.2915039062495, "fx": 3844.2915039062495}, {"id": 71, "img_name": "000530_08", "width": 3000, "height": 4000, "position": [-1.3814671923461157, -1.3060908738936476, 0.389712414865008], "rotation": [[-0.1999828186250342, 0.008650057344464833, 0.9797612202790653], [-0.02288023288972543, 0.9996471169424797, -0.013495796808634353], [-0.9795322185603174, -0.025116092381688056, -0.1997143327499955]], "fy": 3841.5209960937505, "fx": 3841.52099609375}, {"id": 72, "img_name": "000530_11", "width": 3000, "height": 4000, "position": [-1.0403031415421766, -1.84854549881246, 0.8947496888364853], "rotation": [[-0.5944730234416804, -0.35563148168052305, 0.721199052715562], [0.031211614318923775, 0.8860040007714649, 0.46262592420719945], [-0.8035095889482059, 0.29752841856648665, -0.5156056444741577]], "fy": 3837.041259765625, "fx": 3837.041259765625}, {"id": 73, "img_name": "000318_06", "width": 3000, "height": 4000, "position": [-1.0526646805266229, -1.697293259703407, -1.6419663346113942], "rotation": [[0.8455771316391851, -0.12496706011195899, 0.5190207590605811], [0.020901061651849923, 0.9792202155527878, 0.2017198926099698], [-0.5334439615092418, -0.15972164330398753, 0.8306181653380809]], "fy": 10891.9111328125, "fx": 10891.9111328125}, {"id": 74, "img_name": "000318_12", "width": 3000, "height": 4000, "position": [1.3956970536626752, -1.712120601722869, -1.6192232024431763], "rotation": [[0.7827115685582878, 0.10301355925033905, -0.6138002990025351], [-0.020590562403909135, 0.9899534807396916, 0.13988614910440436], [0.6220439125856915, -0.09685201382493712, 0.7769691488296937]], "fy": 10873.7578125, "fx": 10873.7578125}, {"id": 75, "img_name": "000424_02", "width": 3000, "height": 4000, "position": [-0.1413742994932911, -1.6869117150530857, -2.0129381485551754], "rotation": [[0.9924320285923673, -0.09281995684132777, 0.08039355842362186], [0.0826949614331839, 0.9891740375815308, 0.12122815979885392], [-0.09077561334192391, -0.11366256633837843, 0.9893637394991648]], "fy": 10847.3515625, "fx": 10847.3515625}, {"id": 76, "img_name": "000318_13", "width": 3000, "height": 4000, "position": [0.4366704498550544, -1.7139002494140667, -1.9946798260873546], "rotation": [[0.9782849415413175, 0.0701118329687163, -0.19504590236984676], [-0.036945766156772204, 0.9849659649472758, 0.1687514689078916], [0.2039450502380238, -0.15788090059677523, 0.9661677068243179]], "fy": 10873.8984375, "fx": 10873.8984375}, {"id": 77, "img_name": "000742_01", "width": 3000, "height": 4000, "position": [-0.3696741604807306, -1.929512143367587, -1.5080051306358295], "rotation": [[0.9817825499841794, -0.0661211744073261, 0.17813201520658464], [0.0029670612710279046, 0.9427183958759067, 0.3335764119726862], [-0.18998479174391011, -0.32697097175766743, 0.9257406561958211]], "fy": 3842.3310546875005, "fx": 3842.3310546875005}, {"id": 78, "img_name": "000742_00", "width": 3000, "height": 4000, "position": [-0.8230784153626842, -1.2528366353783011, -1.1496977318121442], "rotation": [[0.8334468438583295, -0.015334312467948126, 0.5523868366676793], [0.0017539725515108371, 0.9996832837853817, 0.025104893952463125], [-0.5525968530881067, -0.01995472328074745, 0.833209773692022]], "fy": 3842.6799316406255, "fx": 3842.679931640625}, {"id": 79, "img_name": "000742_07", "width": 3000, "height": 4000, "position": [0.8197714602465137, -1.8275775636407465, -1.389665992334443], "rotation": [[0.8821863766232602, 0.18235391487363214, -0.43415924109776105], [-0.0087109829761535, 0.9281385359370822, 0.3721330096674559], [0.4708198335625984, -0.3245087176622993, 0.8203796538708511]], "fy": 3853.8193359375005, "fx": 3853.8193359375005}, {"id": 80, "img_name": "000742_04", "width": 3000, "height": 4000, "position": [0.9514187899274507, -1.2895936527459229, 1.083229888075608], "rotation": [[-0.7658794796977418, 0.04150665950190555, -0.6416430626095074], [0.01574313581264834, 0.9988256164168936, 0.04582075582306665], [0.642791394040633, 0.024991702751222457, -0.7656334883878142]], "fy": 3841.070556640625, "fx": 3841.070556640625}, {"id": 81, "img_name": "000742_03", "width": 3000, "height": 4000, "position": [1.3992768777035782, -1.5147693808340703, -0.1789146648783315], "rotation": [[0.1602714006298043, 0.24486163704499747, -0.9562195651856354], [-0.06115898056260467, 0.9693446283395035, 0.23797178531475657], [0.9851764599485237, 0.020341342457999234, 0.1703337093775119]], "fy": 3857.2749023437505, "fx": 3857.27490234375}, {"id": 82, "img_name": "000742_05", "width": 3000, "height": 4000, "position": [-1.236099138776338, -1.2127445765408493, -0.7210398619043162], "rotation": [[0.5298970748488734, -0.11966812783524285, 0.8395764582496433], [0.04901074071818188, 0.9926608588031399, 0.1105548130768998], [-0.8466445755810773, -0.017434407951550435, 0.5318731089823177]], "fy": 3841.6745605468745, "fx": 3841.674560546875}, {"id": 83, "img_name": "000424_06", "width": 3000, "height": 4000, "position": [-1.0526646805266229, -1.697293259703407, -1.6419663346113942], "rotation": [[0.8455771316391851, -0.12496706011195899, 0.5190207590605811], [0.020901061651849923, 0.9792202155527878, 0.2017198926099698], [-0.5334439615092418, -0.15972164330398753, 0.8306181653380809]], "fy": 10891.9111328125, "fx": 10891.9111328125}, {"id": 84, "img_name": "000742_08", "width": 3000, "height": 4000, "position": [-1.3814671923461157, -1.3060908738936476, 0.389712414865008], "rotation": [[-0.1999828186250342, 0.008650057344464833, 0.9797612202790653], [-0.02288023288972543, 0.9996471169424797, -0.013495796808634353], [-0.9795322185603174, -0.025116092381688056, -0.1997143327499955]], "fy": 3841.5209960937505, "fx": 3841.52099609375}, {"id": 85, "img_name": "000424_13", "width": 3000, "height": 4000, "position": [0.4366704498550544, -1.7139002494140667, -1.9946798260873546], "rotation": [[0.9782849415413175, 0.0701118329687163, -0.19504590236984676], [-0.036945766156772204, 0.9849659649472758, 0.1687514689078916], [0.2039450502380238, -0.15788090059677523, 0.9661677068243179]], "fy": 10873.8984375, "fx": 10873.8984375}, {"id": 86, "img_name": "000424_12", "width": 3000, "height": 4000, "position": [1.3956970536626752, -1.712120601722869, -1.6192232024431763], "rotation": [[0.7827115685582878, 0.10301355925033905, -0.6138002990025351], [-0.020590562403909135, 0.9899534807396916, 0.13988614910440436], [0.6220439125856915, -0.09685201382493712, 0.7769691488296937]], "fy": 10873.7578125, "fx": 10873.7578125}, {"id": 87, "img_name": "000742_10", "width": 3000, "height": 4000, "position": [0.5035301074361999, -1.3297977109311079, 1.4483756748112055], "rotation": [[-0.947028699609039, 0.02913104807595951, -0.31982498988479346], [-0.004626380661936205, 0.9945366086035703, 0.10428581279004054], [0.32111561581272086, 0.10024128982263074, -0.9417199398419424]], "fy": 3839.4462890625, "fx": 3839.4462890625}, {"id": 88, "img_name": "000848_01", "width": 3000, "height": 4000, "position": [-0.3696741604807306, -1.929512143367587, -1.5080051306358295], "rotation": [[0.9817825499841794, -0.0661211744073261, 0.17813201520658464], [0.0029670612710279046, 0.9427183958759067, 0.3335764119726862], [-0.18998479174391011, -0.32697097175766743, 0.9257406561958211]], "fy": 3842.3310546875005, "fx": 3842.3310546875005}, {"id": 89, "img_name": "000530_02", "width": 3000, "height": 4000, "position": [-0.1413742994932911, -1.6869117150530857, -2.0129381485551754], "rotation": [[0.9924320285923673, -0.09281995684132777, 0.08039355842362186], [0.0826949614331839, 0.9891740375815308, 0.12122815979885392], [-0.09077561334192391, -0.11366256633837843, 0.9893637394991648]], "fy": 10847.3515625, "fx": 10847.3515625}, {"id": 90, "img_name": "000742_09", "width": 3000, "height": 4000, "position": [-0.6586277316799503, -1.3413810053564361, 1.3182690825163423], "rotation": [[-0.8862544962454005, -0.09711873759372588, 0.4529027695797546], [-0.036444450088304825, 0.9893614669821034, 0.14083923355649688], [-0.4617626770783584, 0.10831361160639709, -0.8803654875097081]], "fy": 3844.2915039062495, "fx": 3844.2915039062495}, {"id": 91, "img_name": "000848_00", "width": 3000, "height": 4000, "position": [-0.8230784153626842, -1.2528366353783011, -1.1496977318121442], "rotation": [[0.8334468438583295, -0.015334312467948126, 0.5523868366676793], [0.0017539725515108371, 0.9996832837853817, 0.025104893952463125], [-0.5525968530881067, -0.01995472328074745, 0.833209773692022]], "fy": 3842.6799316406255, "fx": 3842.679931640625}, {"id": 92, "img_name": "000742_11", "width": 3000, "height": 4000, "position": [-1.0403031415421766, -1.84854549881246, 0.8947496888364853], "rotation": [[-0.5944730234416804, -0.35563148168052305, 0.721199052715562], [0.031211614318923775, 0.8860040007714649, 0.46262592420719945], [-0.8035095889482059, 0.29752841856648665, -0.5156056444741577]], "fy": 3837.041259765625, "fx": 3837.041259765625}, {"id": 93, "img_name": "000848_07", "width": 3000, "height": 4000, "position": [0.8197714602465137, -1.8275775636407465, -1.389665992334443], "rotation": [[0.8821863766232602, 0.18235391487363214, -0.43415924109776105], [-0.0087109829761535, 0.9281385359370822, 0.3721330096674559], [0.4708198335625984, -0.3245087176622993, 0.8203796538708511]], "fy": 3853.8193359375005, "fx": 3853.8193359375005}, {"id": 94, "img_name": "000530_13", "width": 3000, "height": 4000, "position": [0.4366704498550544, -1.7139002494140667, -1.9946798260873546], "rotation": [[0.9782849415413175, 0.0701118329687163, -0.19504590236984676], [-0.036945766156772204, 0.9849659649472758, 0.1687514689078916], [0.2039450502380238, -0.15788090059677523, 0.9661677068243179]], "fy": 10873.8984375, "fx": 10873.8984375}, {"id": 95, "img_name": "000530_12", "width": 3000, "height": 4000, "position": [1.3956970536626752, -1.712120601722869, -1.6192232024431763], "rotation": [[0.7827115685582878, 0.10301355925033905, -0.6138002990025351], [-0.020590562403909135, 0.9899534807396916, 0.13988614910440436], [0.6220439125856915, -0.09685201382493712, 0.7769691488296937]], "fy": 10873.7578125, "fx": 10873.7578125}, {"id": 96, "img_name": "000848_03", "width": 3000, "height": 4000, "position": [1.3992768777035782, -1.5147693808340703, -0.1789146648783315], "rotation": [[0.1602714006298043, 0.24486163704499747, -0.9562195651856354], [-0.06115898056260467, 0.9693446283395035, 0.23797178531475657], [0.9851764599485237, 0.020341342457999234, 0.1703337093775119]], "fy": 3857.2749023437505, "fx": 3857.27490234375}, {"id": 97, "img_name": "000848_04", "width": 3000, "height": 4000, "position": [0.9514187899274507, -1.2895936527459229, 1.083229888075608], "rotation": [[-0.7658794796977418, 0.04150665950190555, -0.6416430626095074], [0.01574313581264834, 0.9988256164168936, 0.04582075582306665], [0.642791394040633, 0.024991702751222457, -0.7656334883878142]], "fy": 3841.070556640625, "fx": 3841.070556640625}, {"id": 98, "img_name": "000530_06", "width": 3000, "height": 4000, "position": [-1.0526646805266229, -1.697293259703407, -1.6419663346113942], "rotation": [[0.8455771316391851, -0.12496706011195899, 0.5190207590605811], [0.020901061651849923, 0.9792202155527878, 0.2017198926099698], [-0.5334439615092418, -0.15972164330398753, 0.8306181653380809]], "fy": 10891.9111328125, "fx": 10891.9111328125}, {"id": 99, "img_name": "000848_05", "width": 3000, "height": 4000, "position": [-1.236099138776338, -1.2127445765408493, -0.7210398619043162], "rotation": [[0.5298970748488734, -0.11966812783524285, 0.8395764582496433], [0.04901074071818188, 0.9926608588031399, 0.1105548130768998], [-0.8466445755810773, -0.017434407951550435, 0.5318731089823177]], 