[{"id": 0, "img_name": "000011_00", "width": 3000, "height": 4000, "position": [0.8197714602465137, -1.8275775636407465, -1.389665992334443], "rotation": [[0.8821863766232602, -0.18235391487363214, 0.43415924109776105], [-0.0087109829761535, -0.9281385359370822, -0.3721330096674559], [0.4708198335625984, 0.3245087176622993, -0.8203796538708511]], "fy": 3853.8193359375005, "fx": 3853.8193359375005}, {"id": 1, "img_name": "000007_00", "width": 3000, "height": 4000, "position": [0.8197714602465137, -1.8275775636407465, -1.389665992334443], "rotation": [[0.8821863766232602, -0.18235391487363214, 0.43415924109776105], [-0.0087109829761535, -0.9281385359370822, -0.3721330096674559], [0.4708198335625984, 0.3245087176622993, -0.8203796538708511]], "fy": 3853.8193359375005, "fx": 3853.8193359375005}, {"id": 2, "img_name": "000002_00", "width": 3000, "height": 4000, "position": [0.8197714602465137, -1.8275775636407465, -1.389665992334443], "rotation": [[0.8821863766232602, -0.18235391487363214, 0.43415924109776105], [-0.0087109829761535, -0.9281385359370822, -0.3721330096674559], [0.4708198335625984, 0.3245087176622993, -0.8203796538708511]], "fy": 3853.8193359375005, "fx": 3853.8193359375005}, {"id": 3, "img_name": "000000_00", "width": 3000, "height": 4000, "position": [0.8197714602465137, -1.8275775636407465, -1.389665992334443], "rotation": [[0.8821863766232602, -0.18235391487363214, 0.43415924109776105], [-0.0087109829761535, -0.9281385359370822, -0.3721330096674559], [0.4708198335625984, 0.3245087176622993, -0.8203796538708511]], "fy": 3853.8193359375005, "fx": 3853.8193359375005}, {"id": 4, "img_name": "000008_00", "width": 3000, "height": 4000, "position": [0.8197714602465137, -1.8275775636407465, -1.389665992334443], "rotation": [[0.8821863766232602, -0.18235391487363214, 0.43415924109776105], [-0.0087109829761535, -0.9281385359370822, -0.3721330096674559], [0.4708198335625984, 0.3245087176622993, -0.8203796538708511]], "fy": 3853.8193359375005, "fx": 3853.8193359375005}, {"id": 5, "img_name": "000005_00", "width": 3000, "height": 4000, "position": [0.8197714602465137, -1.8275775636407465, -1.389665992334443], "rotation": [[0.8821863766232602, -0.18235391487363214, 0.43415924109776105], [-0.0087109829761535, -0.9281385359370822, -0.3721330096674559], [0.4708198335625984, 0.3245087176622993, -0.8203796538708511]], "fy": 3853.8193359375005, "fx": 3853.8193359375005}, {"id": 6, "img_name": "000001_00", "width": 3000, "height": 4000, "position": [0.8197714602465137, -1.8275775636407465, -1.389665992334443], "rotation": [[0.8821863766232602, -0.18235391487363214, 0.43415924109776105], [-0.0087109829761535, -0.9281385359370822, -0.3721330096674559], [0.4708198335625984, 0.3245087176622993, -0.8203796538708511]], "fy": 3853.8193359375005, "fx": 3853.8193359375005}, {"id": 7, "img_name": "000003_00", "width": 3000, "height": 4000, "position": [0.8197714602465137, -1.8275775636407465, -1.389665992334443], "rotation": [[0.8821863766232602, -0.18235391487363214, 0.43415924109776105], [-0.0087109829761535, -0.9281385359370822, -0.3721330096674559], [0.4708198335625984, 0.3245087176622993, -0.8203796538708511]], "fy": 3853.8193359375005, "fx": 3853.8193359375005}, {"id": 8, "img_name": "000009_00", "width": 3000, "height": 4000, "position": [0.8197714602465137, -1.8275775636407465, -1.389665992334443], "rotation": [[0.8821863766232602, -0.18235391487363214, 0.43415924109776105], [-0.0087109829761535, -0.9281385359370822, -0.3721330096674559], [0.4708198335625984, 0.3245087176622993, -0.8203796538708511]], "fy": 3853.8193359375005, "fx": 3853.8193359375005}, {"id": 9, "img_name": "000004_00", "width": 3000, "height": 4000, "position": [0.8197714602465137, -1.8275775636407465, -1.389665992334443], "rotation": [[0.8821863766232602, -0.18235391487363214, 0.43415924109776105], [-0.0087109829761535, -0.9281385359370822, -0.3721330096674559], [0.4708198335625984, 0.3245087176622993, -0.8203796538708511]], "fy": 3853.8193359375005, "fx": 3853.8193359375005}, {"id": 10, "img_name": "000016_00", "width": 3000, "height": 4000, "position": [0.8197714602465137, -1.8275775636407465, -1.389665992334443], "rotation": [[0.8821863766232602, -0.18235391487363214, 0.43415924109776105], [-0.0087109829761535, -0.9281385359370822, -0.3721330096674559], [0.4708198335625984, 0.3245087176622993, -0.8203796538708511]], "fy": 3853.8193359375005, "fx": 3853.8193359375005}, {"id": 11, "img_name": "000014_00", "width": 3000, "height": 4000, "position": [0.8197714602465137, -1.8275775636407465, -1.389665992334443], "rotation": [[0.8821863766232602, -0.18235391487363214, 0.43415924109776105], [-0.0087109829761535, -0.9281385359370822, -0.3721330096674559], [0.4708198335625984, 0.3245087176622993, -0.8203796538708511]], "fy": 3853.8193359375005, "fx": 3853.8193359375005}, {"id": 12, "img_name": "000006_00", "width": 3000, "height": 4000, "position": [0.8197714602465137, -1.8275775636407465, -1.389665992334443], "rotation": [[0.8821863766232602, -0.18235391487363214, 0.43415924109776105], [-0.0087109829761535, -0.9281385359370822, -0.3721330096674559], [0.4708198335625984, 0.3245087176622993, -0.8203796538708511]], "fy": 3853.8193359375005, "fx": 3853.8193359375005}, {"id": 13, "img_name": "000012_00", "width": 3000, "height": 4000, "position": [0.8197714602465137, -1.8275775636407465, -1.389665992334443], "rotation": [[0.8821863766232602, -0.18235391487363214, 0.43415924109776105], [-0.0087109829761535, -0.9281385359370822, -0.3721330096674559], [0.4708198335625984, 0.3245087176622993, -0.8203796538708511]], "fy": 3853.8193359375005, "fx": 3853.8193359375005}, {"id": 14, "img_name": "000013_00", "width": 3000, "height": 4000, "position": [0.8197714602465137, -1.8275775636407465, -1.389665992334443], "rotation": [[0.8821863766232602, -0.18235391487363214, 0.43415924109776105], [-0.0087109829761535, -0.9281385359370822, -0.3721330096674559], [0.4708198335625984, 0.3245087176622993, -0.8203796538708511]], "fy": 3853.8193359375005, "fx": 3853.8193359375005}, {"id": 15, "img_name": "000017_00", "width": 3000, "height": 4000, "position": [0.8197714602465137, -1.8275775636407465, -1.389665992334443], "rotation": [[0.8821863766232602, -0.18235391487363214, 0.43415924109776105], [-0.0087109829761535, -0.9281385359370822, -0.3721330096674559], [0.4708198335625984, 0.3245087176622993, -0.8203796538708511]], "fy": 3853.8193359375005, "fx": 3853.8193359375005}, {"id": 16, "img_name": "000018_00", "width": 3000, "height": 4000, "position": [0.8197714602465137, -1.8275775636407465, -1.389665992334443], "rotation": [[0.8821863766232602, -0.18235391487363214, 0.43415924109776105], [-0.0087109829761535, -0.9281385359370822, -0.3721330096674559], [0.4708198335625984, 0.3245087176622993, -0.8203796538708511]], "fy": 3853.8193359375005, "fx": 3853.8193359375005}, {"id": 17, "img_name": "000019_00", "width": 3000, "height": 4000, "position": [0.8197714602465137, -1.8275775636407465, -1.389665992334443], "rotation": [[0.8821863766232602, -0.18235391487363214, 0.43415924109776105], [-0.0087109829761535, -0.9281385359370822, -0.3721330096674559], [0.4708198335625984, 0.3245087176622993, -0.8203796538708511]], "fy": 3853.8193359375005, "fx": 3853.8193359375005}, {"id": 18, "img_name": "000010_00", "width": 3000, "height": 4000, "position": [0.8197714602465137, -1.8275775636407465, -1.389665992334443], "rotation": [[0.8821863766232602, -0.18235391487363214, 0.43415924109776105], [-0.0087109829761535, -0.9281385359370822, -0.3721330096674559], [0.4708198335625984, 0.3245087176622993, -0.8203796538708511]], "fy": 3853.8193359375005, "fx": 3853.8193359375005}, {"id": 19, "img_name": "000015_00", "width": 3000, "height": 4000, "position": [0.8197714602465137, -1.8275775636407465, -1.389665992334443], "rotation": [[0.8821863766232602, -0.18235391487363214, 0.43415924109776105], [-0.0087109829761535, -0.9281385359370822, -0.3721330096674559], [0.4708198335625984, 0.3245087176622993, -0.8203796538708511]], "fy": 3853.8193359375005, "fx": 3853.8193359375005}]