[{"id": 0, "img_name": "000001_00", "width": 3000, "height": 4000, "position": [0.8197714602465137, -1.8275775636407465, -1.389665992334443], "rotation": [[0.8821863766232602, 0.18235391487363214, -0.43415924109776105], [-0.0087109829761535, 0.9281385359370822, 0.3721330096674559], [0.4708198335625984, -0.3245087176622993, 0.8203796538708511]], "fy": 3853.8193359375005, "fx": 3853.8193359375005}, {"id": 1, "img_name": "000007_00", "width": 3000, "height": 4000, "position": [0.8197714602465137, -1.8275775636407465, -1.389665992334443], "rotation": [[0.8821863766232602, 0.18235391487363214, -0.43415924109776105], [-0.0087109829761535, 0.9281385359370822, 0.3721330096674559], [0.4708198335625984, -0.3245087176622993, 0.8203796538708511]], "fy": 3853.8193359375005, "fx": 3853.8193359375005}, {"id": 2, "img_name": "000005_00", "width": 3000, "height": 4000, "position": [0.8197714602465137, -1.8275775636407465, -1.389665992334443], "rotation": [[0.8821863766232602, 0.18235391487363214, -0.43415924109776105], [-0.0087109829761535, 0.9281385359370822, 0.3721330096674559], [0.4708198335625984, -0.3245087176622993, 0.8203796538708511]], "fy": 3853.8193359375005, "fx": 3853.8193359375005}, {"id": 3, "img_name": "000000_00", "width": 3000, "height": 4000, "position": [0.8197714602465137, -1.8275775636407465, -1.389665992334443], "rotation": [[0.8821863766232602, 0.18235391487363214, -0.43415924109776105], [-0.0087109829761535, 0.9281385359370822, 0.3721330096674559], [0.4708198335625984, -0.3245087176622993, 0.8203796538708511]], "fy": 3853.8193359375005, "fx": 3853.8193359375005}, {"id": 4, "img_name": "000014_00", "width": 3000, "height": 4000, "position": [0.8197714602465137, -1.8275775636407465, -1.389665992334443], "rotation": [[0.8821863766232602, 0.18235391487363214, -0.43415924109776105], [-0.0087109829761535, 0.9281385359370822, 0.3721330096674559], [0.4708198335625984, -0.3245087176622993, 0.8203796538708511]], "fy": 3853.8193359375005, "fx": 3853.8193359375005}, {"id": 5, "img_name": "000003_00", "width": 3000, "height": 4000, "position": [0.8197714602465137, -1.8275775636407465, -1.389665992334443], "rotation": [[0.8821863766232602, 0.18235391487363214, -0.43415924109776105], [-0.0087109829761535, 0.9281385359370822, 0.3721330096674559], [0.4708198335625984, -0.3245087176622993, 0.8203796538708511]], "fy": 3853.8193359375005, "fx": 3853.8193359375005}, {"id": 6, "img_name": "000002_00", "width": 3000, "height": 4000, "position": [0.8197714602465137, -1.8275775636407465, -1.389665992334443], "rotation": [[0.8821863766232602, 0.18235391487363214, -0.43415924109776105], [-0.0087109829761535, 0.9281385359370822, 0.3721330096674559], [0.4708198335625984, -0.3245087176622993, 0.8203796538708511]], "fy": 3853.8193359375005, "fx": 3853.8193359375005}, {"id": 7, "img_name": "000004_00", "width": 3000, "height": 4000, "position": [0.8197714602465137, -1.8275775636407465, -1.389665992334443], "rotation": [[0.8821863766232602, 0.18235391487363214, -0.43415924109776105], [-0.0087109829761535, 0.9281385359370822, 0.3721330096674559], [0.4708198335625984, -0.3245087176622993, 0.8203796538708511]], "fy": 3853.8193359375005, "fx": 3853.8193359375005}, {"id": 8, "img_name": "000012_00", "width": 3000, "height": 4000, "position": [0.8197714602465137, -1.8275775636407465, -1.389665992334443], "rotation": [[0.8821863766232602, 0.18235391487363214, -0.43415924109776105], [-0.0087109829761535, 0.9281385359370822, 0.3721330096674559], [0.4708198335625984, -0.3245087176622993, 0.8203796538708511]], "fy": 3853.8193359375005, "fx": 3853.8193359375005}, {"id": 9, "img_name": "000009_00", "width": 3000, "height": 4000, "position": [0.8197714602465137, -1.8275775636407465, -1.389665992334443], "rotation": [[0.8821863766232602, 0.18235391487363214, -0.43415924109776105], [-0.0087109829761535, 0.9281385359370822, 0.3721330096674559], [0.4708198335625984, -0.3245087176622993, 0.8203796538708511]], "fy": 3853.8193359375005, "fx": 3853.8193359375005}, {"id": 10, "img_name": "000011_00", "width": 3000, "height": 4000, "position": [0.8197714602465137, -1.8275775636407465, -1.389665992334443], "rotation": [[0.8821863766232602, 0.18235391487363214, -0.43415924109776105], [-0.0087109829761535, 0.9281385359370822, 0.3721330096674559], [0.4708198335625984, -0.3245087176622993, 0.8203796538708511]], "fy": 3853.8193359375005, "fx": 3853.8193359375005}, {"id": 11, "img_name": "000013_00", "width": 3000, "height": 4000, "position": [0.8197714602465137, -1.8275775636407465, -1.389665992334443], "rotation": [[0.8821863766232602, 0.18235391487363214, -0.43415924109776105], [-0.0087109829761535, 0.9281385359370822, 0.3721330096674559], [0.4708198335625984, -0.3245087176622993, 0.8203796538708511]], "fy": 3853.8193359375005, "fx": 3853.8193359375005}, {"id": 12, "img_name": "000006_00", "width": 3000, "height": 4000, "position": [0.8197714602465137, -1.8275775636407465, -1.389665992334443], "rotation": [[0.8821863766232602, 0.18235391487363214, -0.43415924109776105], [-0.0087109829761535, 0.9281385359370822, 0.3721330096674559], [0.4708198335625984, -0.3245087176622993, 0.8203796538708511]], "fy": 3853.8193359375005, "fx": 3853.8193359375005}, {"id": 13, "img_name": "000008_00", "width": 3000, "height": 4000, "position": [0.8197714602465137, -1.8275775636407465, -1.389665992334443], "rotation": [[0.8821863766232602, 0.18235391487363214, -0.43415924109776105], [-0.0087109829761535, 0.9281385359370822, 0.3721330096674559], [0.4708198335625984, -0.3245087176622993, 0.8203796538708511]], "fy": 3853.8193359375005, "fx": 3853.8193359375005}, {"id": 14, "img_name": "000003_01", "width": 3000, "height": 4000, "position": [-0.6586277316799503, -1.3413810053564361, 1.3182690825163423], "rotation": [[-0.8862544962454005, -0.09711873759372588, 0.4529027695797546], [-0.036444450088304825, 0.9893614669821034, 0.14083923355649688], [-0.4617626770783584, 0.10831361160639709, -0.8803654875097081]], "fy": 3844.2915039062495, "fx": 3844.2915039062495}, {"id": 15, "img_name": "000011_01", "width": 3000, "height": 4000, "position": [-0.6586277316799503, -1.3413810053564361, 1.3182690825163423], "rotation": [[-0.8862544962454005, -0.09711873759372588, 0.4529027695797546], [-0.036444450088304825, 0.9893614669821034, 0.14083923355649688], [-0.4617626770783584, 0.10831361160639709, -0.8803654875097081]], "fy": 3844.2915039062495, "fx": 3844.2915039062495}, {"id": 16, "img_name": "000002_01", "width": 3000, "height": 4000, "position": [-0.6586277316799503, -1.3413810053564361, 1.3182690825163423], "rotation": [[-0.8862544962454005, -0.09711873759372588, 0.4529027695797546], [-0.036444450088304825, 0.9893614669821034, 0.14083923355649688], [-0.4617626770783584, 0.10831361160639709, -0.8803654875097081]], "fy": 3844.2915039062495, "fx": 3844.2915039062495}, {"id": 17, "img_name": "000012_01", "width": 3000, "height": 4000, "position": [-0.6586277316799503, -1.3413810053564361, 1.3182690825163423], "rotation": [[-0.8862544962454005, -0.09711873759372588, 0.4529027695797546], [-0.036444450088304825, 0.9893614669821034, 0.14083923355649688], [-0.4617626770783584, 0.10831361160639709, -0.8803654875097081]], "fy": 3844.2915039062495, "fx": 3844.2915039062495}, {"id": 18, "img_name": "000008_01", "width": 3000, "height": 4000, "position": [-0.6586277316799503, -1.3413810053564361, 1.3182690825163423], "rotation": [[-0.8862544962454005, -0.09711873759372588, 0.4529027695797546], [-0.036444450088304825, 0.9893614669821034, 0.14083923355649688], [-0.4617626770783584, 0.10831361160639709, -0.8803654875097081]], "fy": 3844.2915039062495, "fx": 3844.2915039062495}, {"id": 19, "img_name": "000014_01", "width": 3000, "height": 4000, "position": [-0.6586277316799503, -1.3413810053564361, 1.3182690825163423], "rotation": [[-0.8862544962454005, -0.09711873759372588, 0.4529027695797546], [-0.036444450088304825, 0.9893614669821034, 0.14083923355649688], [-0.4617626770783584, 0.10831361160639709, -0.8803654875097081]], "fy": 3844.2915039062495, "fx": 3844.2915039062495}, {"id": 20, "img_name": "000006_01", "width": 3000, "height": 4000, "position": [-0.6586277316799503, -1.3413810053564361, 1.3182690825163423], "rotation": [[-0.8862544962454005, -0.09711873759372588, 0.4529027695797546], [-0.036444450088304825, 0.9893614669821034, 0.14083923355649688], [-0.4617626770783584, 0.10831361160639709, -0.8803654875097081]], "fy": 3844.2915039062495, "fx": 3844.2915039062495}, {"id": 21, "img_name": "000009_01", "width": 3000, "height": 4000, "position": [-0.6586277316799503, -1.3413810053564361, 1.3182690825163423], "rotation": [[-0.8862544962454005, -0.09711873759372588, 0.4529027695797546], [-0.036444450088304825, 0.9893614669821034, 0.14083923355649688], [-0.4617626770783584, 0.10831361160639709, -0.8803654875097081]], "fy": 3844.2915039062495, "fx": 3844.2915039062495}, {"id": 22, "img_name": "000013_01", "width": 3000, "height": 4000, "position": [-0.6586277316799503, -1.3413810053564361, 1.3182690825163423], "rotation": [[-0.8862544962454005, -0.09711873759372588, 0.4529027695797546], [-0.036444450088304825, 0.9893614669821034, 0.14083923355649688], [-0.4617626770783584, 0.10831361160639709, -0.8803654875097081]], "fy": 3844.2915039062495, "fx": 3844.2915039062495}, {"id": 23, "img_name": "000007_01", "width": 3000, "height": 4000, "position": [-0.6586277316799503, -1.3413810053564361, 1.3182690825163423], "rotation": [[-0.8862544962454005, -0.09711873759372588, 0.4529027695797546], [-0.036444450088304825, 0.9893614669821034, 0.14083923355649688], [-0.4617626770783584, 0.10831361160639709, -0.8803654875097081]], "fy": 3844.2915039062495, "fx": 3844.2915039062495}, {"id": 24, "img_name": "000004_01", "width": 3000, "height": 4000, "position": [-0.6586277316799503, -1.3413810053564361, 1.3182690825163423], "rotation": [[-0.8862544962454005, -0.09711873759372588, 0.4529027695797546], [-0.036444450088304825, 0.9893614669821034, 0.14083923355649688], [-0.4617626770783584, 0.10831361160639709, -0.8803654875097081]], "fy": 3844.2915039062495, "fx": 3844.2915039062495}, {"id": 25, "img_name": "000001_01", "width": 3000, "height": 4000, "position": [-0.6586277316799503, -1.3413810053564361, 1.3182690825163423], "rotation": [[-0.8862544962454005, -0.09711873759372588, 0.4529027695797546], [-0.036444450088304825, 0.9893614669821034, 0.14083923355649688], [-0.4617626770783584, 0.10831361160639709, -0.8803654875097081]], "fy": 3844.2915039062495, "fx": 3844.2915039062495}, {"id": 26, "img_name": "000000_01", "width": 3000, "height": 4000, "position": [-0.6586277316799503, -1.3413810053564361, 1.3182690825163423], "rotation": [[-0.8862544962454005, -0.09711873759372588, 0.4529027695797546], [-0.036444450088304825, 0.9893614669821034, 0.14083923355649688], [-0.4617626770783584, 0.10831361160639709, -0.8803654875097081]], "fy": 3844.2915039062495, "fx": 3844.2915039062495}, {"id": 27, "img_name": "000005_01", "width": 3000, "height": 4000, "position": [-0.6586277316799503, -1.3413810053564361, 1.3182690825163423], "rotation": [[-0.8862544962454005, -0.09711873759372588, 0.4529027695797546], [-0.036444450088304825, 0.9893614669821034, 0.14083923355649688], [-0.4617626770783584, 0.10831361160639709, -0.8803654875097081]], "fy": 3844.2915039062495, "fx": 3844.2915039062495}, {"id": 28, "img_name": "000017_01", "width": 3000, "height": 4000, "position": [-0.6586277316799503, -1.3413810053564361, 1.3182690825163423], "rotation": [[-0.8862544962454005, -0.09711873759372588, 0.4529027695797546], [-0.036444450088304825, 0.9893614669821034, 0.14083923355649688], [-0.4617626770783584, 0.10831361160639709, -0.8803654875097081]], "fy": 3844.2915039062495, "fx": 3844.2915039062495}, {"id": 29, "img_name": "000016_00", "width": 3000, "height": 4000, "position": [0.8197714602465137, -1.8275775636407465, -1.389665992334443], "rotation": [[0.8821863766232602, 0.18235391487363214, -0.43415924109776105], [-0.0087109829761535, 0.9281385359370822, 0.3721330096674559], [0.4708198335625984, -0.3245087176622993, 0.8203796538708511]], "fy": 3853.8193359375005, "fx": 3853.8193359375005}, {"id": 30, "img_name": "000019_01", "width": 3000, "height": 4000, "position": [-0.6586277316799503, -1.3413810053564361, 1.3182690825163423], "rotation": [[-0.8862544962454005, -0.09711873759372588, 0.4529027695797546], [-0.036444450088304825, 0.9893614669821034, 0.14083923355649688], [-0.4617626770783584, 0.10831361160639709, -0.8803654875097081]], "fy": 3844.2915039062495, "fx": 3844.2915039062495}, {"id": 31, "img_name": "000016_01", "width": 3000, "height": 4000, "position": [-0.6586277316799503, -1.3413810053564361, 1.3182690825163423], "rotation": [[-0.8862544962454005, -0.09711873759372588, 0.4529027695797546], [-0.036444450088304825, 0.9893614669821034, 0.14083923355649688], [-0.4617626770783584, 0.10831361160639709, -0.8803654875097081]], "fy": 3844.2915039062495, "fx": 3844.2915039062495}, {"id": 32, "img_name": "000018_00", "width": 3000, "height": 4000, "position": [0.8197714602465137, -1.8275775636407465, -1.389665992334443], "rotation": [[0.8821863766232602, 0.18235391487363214, -0.43415924109776105], [-0.0087109829761535, 0.9281385359370822, 0.3721330096674559], [0.4708198335625984, -0.3245087176622993, 0.8203796538708511]], "fy": 3853.8193359375005, "fx": 3853.8193359375005}, {"id": 33, "img_name": "000017_00", "width": 3000, "height": 4000, "position": [0.8197714602465137, -1.8275775636407465, -1.389665992334443], "rotation": [[0.8821863766232602, 0.18235391487363214, -0.43415924109776105], [-0.0087109829761535, 0.9281385359370822, 0.3721330096674559], [0.4708198335625984, -0.3245087176622993, 0.8203796538708511]], "fy": 3853.8193359375005, "fx": 3853.8193359375005}, {"id": 34, "img_name": "000019_00", "width": 3000, "height": 4000, "position": [0.8197714602465137, -1.8275775636407465, -1.389665992334443], "rotation": [[0.8821863766232602, 0.18235391487363214, -0.43415924109776105], [-0.0087109829761535, 0.9281385359370822, 0.3721330096674559], [0.4708198335625984, -0.3245087176622993, 0.8203796538708511]], "fy": 3853.8193359375005, "fx": 3853.8193359375005}, {"id": 35, "img_name": "000018_01", "width": 3000, "height": 4000, "position": [-0.6586277316799503, -1.3413810053564361, 1.3182690825163423], "rotation": [[-0.8862544962454005, -0.09711873759372588, 0.4529027695797546], [-0.036444450088304825, 0.9893614669821034, 0.14083923355649688], [-0.4617626770783584, 0.10831361160639709, -0.8803654875097081]], "fy": 3844.2915039062495, "fx": 3844.2915039062495}, {"id": 36, "img_name": "000010_00", "width": 3000, "height": 4000, "position": [0.8197714602465137, -1.8275775636407465, -1.389665992334443], "rotation": [[0.8821863766232602, 0.18235391487363214, -0.43415924109776105], [-0.0087109829761535, 0.9281385359370822, 0.3721330096674559], [0.4708198335625984, -0.3245087176622993, 0.8203796538708511]], "fy": 3853.8193359375005, "fx": 3853.8193359375005}, {"id": 37, "img_name": "000015_00", "width": 3000, "height": 4000, "position": [0.8197714602465137, -1.8275775636407465, -1.389665992334443], "rotation": [[0.8821863766232602, 0.18235391487363214, -0.43415924109776105], [-0.0087109829761535, 0.9281385359370822, 0.3721330096674559], [0.4708198335625984, -0.3245087176622993, 0.8203796538708511]], "fy": 3853.8193359375005, "fx": 3853.8193359375005}, {"id": 38, "img_name": "000015_01", "width": 3000, "height": 4000, "position": [-0.6586277316799503, -1.3413810053564361, 1.3182690825163423], "rotation": [[-0.8862544962454005, -0.09711873759372588, 0.4529027695797546], [-0.036444450088304825, 0.9893614669821034, 0.14083923355649688], [-0.4617626770783584, 0.10831361160639709, -0.8803654875097081]], "fy": 3844.2915039062495, "fx": 3844.2915039062495}, {"id": 39, "img_name": "000010_01", "width": 3000, "height": 4000, "position": [-0.6586277316799503, -1.3413810053564361, 1.3182690825163423], "rotation": [[-0.8862544962454005, -0.09711873759372588, 0.4529027695797546], [-0.036444450088304825, 0.9893614669821034, 0.14083923355649688], [-0.4617626770783584, 0.10831361160639709, -0.8803654875097081]], "fy": 3844.2915039062495, "fx": 3844.2915039062495}]